------
Drone: 1
id=0, command=command, response=ok, start_time=2023-07-31 16:34:27.713463, end_time=2023-07-31 16:34:27.738969, duration=0.025506
