------
Drone: 1
id=0, command=command, response=ok, start_time=2023-07-31 17:23:21.565290, end_time=2023-07-31 17:23:21.615376, duration=0.050086
