------
Drone: 1
id=0, command=command, response=ok, start_time=2023-07-31 15:20:35.479492, end_time=2023-07-31 15:20:35.495414, duration=0.015922
