------
Drone: 1
id=0, command=command, response=ok, start_time=2023-07-18 20:52:30.701740, end_time=2023-07-18 20:52:30.726403, duration=0.024663
id=1, command=takeoff, response=error, start_time=2023-07-18 20:54:04.917073, end_time=2023-07-18 20:54:04.933062, duration=0.015989
id=2, command=go 20.0 0.0 0.020, response=out of range, start_time=2023-07-18 20:54:06.031639, end_time=2023-07-18 20:54:06.087622, duration=0.055983
id=3, command=go 1.479099678456592 66.10932475884245 0.020, response=out of range, start_time=2023-07-18 20:54:07.170884, end_time=2023-07-18 20:54:07.186879, duration=0.015995
id=4, command=go 68.55305466237942 -0.12861736334404839 0.020, response=out of range, start_time=2023-07-18 20:54:08.280601, end_time=2023-07-18 20:54:08.329250, duration=0.048649
id=5, command=go 65.98070739549838 1.1575562700964497 0.020, response=out of range, start_time=2023-07-18 20:54:09.396474, end_time=2023-07-18 20:54:09.493438, duration=0.096964
