------
Drone: 1
id=0, command=command, response=ok, start_time=2023-07-31 16:43:19.916977, end_time=2023-07-31 16:43:19.924992, duration=0.008015
