------
Drone: 1
id=0, command=command, response=ok, start_time=2023-07-18 19:52:56.613435, end_time=2023-07-18 19:52:56.637448, duration=0.024013
