------
Drone: 1
id=0, command=command, response=ok, start_time=2023-07-31 16:03:03.700855, end_time=2023-07-31 16:03:03.773698, duration=0.072843
id=1, command=streamon, response=ok, start_time=2023-07-31 16:05:39.490593, end_time=2023-07-31 16:05:39.737612, duration=0.247019
