------
Drone: 1
id=0, command=command, response=ok, start_time=2023-07-31 15:28:13.760740, end_time=2023-07-31 15:28:13.832213, duration=0.071473
