------
Drone: 1
id=0, command=command, response=ok, start_time=2023-06-11 02:37:13.545661, end_time=2023-06-11 02:37:13.560345, duration=0.014684
id=1, command=sn?, response=0TQDG2KEDB8M42, start_time=2023-06-11 02:37:18.575806, end_time=2023-06-11 02:37:18.617128, duration=0.041322
id=2, command=battery?, response=70
, start_time=2023-06-11 02:37:20.102432, end_time=2023-06-11 02:37:20.147196, duration=0.044764
id=3, command=takeoff, response=ok, start_time=2023-06-11 02:37:21.625100, end_time=2023-06-11 02:37:23.936897, duration=2.311797
id=4, command=vgx, response=unknown command: vgx, start_time=2023-06-11 02:37:23.937364, end_time=2023-06-11 02:37:23.969049, duration=0.031685
id=5, command=delay 5, response=unknown command: delay, start_time=2023-06-11 02:37:23.969557, end_time=2023-06-11 02:37:24.024264, duration=0.054707
id=6, command=land, response=error, start_time=2023-06-11 02:37:24.024757, end_time=2023-06-11 02:37:24.071227, duration=0.04647
