------
Drone: 1
id=0, command=command, response=ok, start_time=2023-06-11 00:18:40.958099, end_time=2023-06-11 00:18:41.209510, duration=0.251411
id=1, command=battery?, response=74
, start_time=2023-06-11 00:18:46.014521, end_time=2023-06-11 00:18:46.068845, duration=0.054324
